year,native,foreign_born_naturalized,foreign_born_noncitizen,total_foreign_born
2022,40028,39005,11533,50538
2021,38668,38575,11167,49742
2019,38860,37633,14111,51744
2018,34992,38154,15716,53870
2017,33632,35849,14229,50078
2016,30603,28941,15686,44627
2015,33727,33897,14008,47905
2014,31183,35542,12883,48425
2013,30397,34591,18484,53075
2012,30785,31304,16024,47328
2011,28666,29855,16724,46579
2010,26113,30395,15836,46231
